width: 640
height: 480
fx: 386.8893737792969
fy: 386.8893737792969
cx: 321.6220703125
cy: 240.8651123046875
dist_model: distortion.brown_conrady
dist_coeffs: [0.0, 0.0, 0.0, 0.0, 0.0]
