'4':
  transform_mtx:
  - [-0.8786433776922598, 0.4663085404998817, -0.10267502079087837, 0.04334036237409273]
  - [0.4029027833653368, 0.6086703196449226, -0.6835128302671517, 0.06665523467106381]
  - [-0.25623263257048584, -0.6419320735406652, -0.7226811544282724, 0.2559788907496467]
  - [0.0, 0.0, 0.0, 1.0]
'8':
  transform_mtx:
  - [-0.8802320270233926, 0.45650179033495963, -0.12960591816451122, 0.03604945931800325]
  - [0.4092477920495794, 0.5919959177950491, -0.6943033040512925, 0.05639101489653713]
  - [-0.24022452685942303, -0.6641889405394927, -0.7079161164715722, 0.26086353289429]
  - [0.0, 0.0, 0.0, 1.0]
'2':
  transform_mtx:
  - [-0.8820522017947522, 0.44921399194487927, -0.14209399265970324, 0.06784958397610198]
  - [0.4175411814358783, 0.605571285298771, -0.6774531572195425, 0.0568712901411091]
  - [-0.21827339534208196, -0.6568791425083774, -0.7217108264556507, 0.26408992414377297]
  - [0.0, 0.0, 0.0, 1.0]
'3':
  transform_mtx:
  - [-0.8885697087373048, 0.44597496529987646, -0.1074718709257244, 0.05596369194587798]
  - [0.38437075166034984, 0.5959157412176812, -0.7050840762895153, 0.06227289100575488]
  - [-0.25040566683395804, -0.667825396113951, -0.7009324092397821, 0.2618249417618276]
  - [0.0, 0.0, 0.0, 1.0]
'6':
  transform_mtx:
  - [-0.8853624207724633, 0.4454922201739979, -0.13292879916844935, 0.06049453720872824]
  - [0.41598971940964014, 0.6314771492625647, -0.6543616456553002, 0.04659362520179273]
  - [-0.20757152316590222, -0.6346442245255729, -0.744406321202958, 0.26913094985960745]
  - [0.0, 0.0, 0.0, 1.0]
'7':
  transform_mtx:
  - [-0.7677431574356574, 0.6122510432989128, -0.18899498456340125, 0.048217035209169784]
  - [0.5178404773506513, 0.7665764879883054, 0.3797390262808984, 0.05164154740894876]
  - [0.3773747265358095, 0.1936727860152483, -0.9055822258244223, 0.26513341703180393]
  - [0.0, 0.0, 0.0, 1.0]
'5':
  transform_mtx:
  - [-0.8843761810549945, 0.445693829473982, -0.13869311717385488, 0.07287839539584286]
  - [0.42392319129920547, 0.6425502746234664, -0.6382932495804771, 0.04157685529466684]
  - [-0.19536606220446998, -0.62328657530074, -0.7571961085403134, 0.27307676774264134]
  - [0.0, 0.0, 0.0, 1.0]
'12':
  transform_mtx:
  - [-0.800480103119062, 0.5860910577310673, -0.12541481793701448, 0.028965568492078965]
  - [0.5048021418735021, 0.7720759174521766, 0.38610047299932776, 0.046613114534581175]
  - [0.3231197952314595, 0.2457560777235403, -0.9138914312934118, 0.2675817911461394]
  - [0.0, 0.0, 0.0, 1.0]
'10':
  transform_mtx:
  - [-0.8805406561302515, 0.4685281220724419, -0.07162088891501837, 0.052947489993189684]
  - [0.40494909435298543, 0.6651498577633622, -0.6273690283239017, 0.0362040294956271]
  - [-0.24630140861230015, -0.5814267499390191, -0.7754215308920342, 0.2734812968345627]
  - [0.0, 0.0, 0.0, 1.0]
'11':
  transform_mtx:
  - [-0.7773670071371526, 0.6037795469094644, -0.1764958779927396, 0.04118269325661199]
  - [0.5052473281037364, 0.766440854866587, 0.3966025131481279, 0.04156549344608058]
  - [0.37473413730091576, 0.21913163789187862, -0.9008638363349708, 0.2713828098425869]
  - [0.0, 0.0, 0.0, 1.0]
'9':
  transform_mtx:
  - [-0.8851790115565945, 0.45674725917103, -0.08854410618128229, 0.06510662178299963]
  - [0.4043697636219711, 0.6611647791402313, -0.6319384693882463, 0.031131586739111063]
  - [-0.23009391945030072, -0.595183228984319, -0.769943966901357, 0.2770229947549403]
  - [0.0, 0.0, 0.0, 1.0]
