# RealSense camera calibrated data with chessboard 6x4 40mm
camera_matrix:
- [609.1599642193563,
  0.0, 323.4302505035772]
- [0.0, 609.3569569104219,
  205.9248741691204]
- [0.0, 0.0, 1.0]
dist_coeffs: [
  -0.016359344535104608,
  1.085303449845037,
  -0.01938872699268042,
  -0.00018603935028974617,
  -4.199931079796102]
overall_rms: 0.666173222065287
mean_reprojection_errors: 0.07922970201132645
total_reprojection_errors: [
  0.03623474862392356,
  0.0339864348548646,
  0.04133267416728898,
  0.04023988683274068,
  0.02560653541404503,
  0.03885057693461604,
  0.11809538927064593,
  0.03286581288084205,
  0.12537760032252862,
  0.70718916515347,
  0.0267983179268973,
  0.040934132946477055,
  0.028402292516434526,
  0.01773334263514594,
  0.02689029776093822,
  0.03186090690661963,
  0.04527842184921313,
  0.04763247595241534,
  0.061868491006276866,
  0.05435252067500886,
  0.05138556914766207,
  0.0463919605951942,
  0.14796669925857361,
  0.05038958835547686,
  0.05995632338793173,
  0.07646252559339527,
  0.08230309017175151,
  0.07076217423723909,
  0.08116089906637303,
  0.06938170283851398,
  0.06959950833298749,
  0.07713698891727833,
  0.08624882136735172,
  0.09588964871670448,
  0.09699832287117689,
  0.10870542491975062]
