camera_matrix:
- [5468.593201704125, 0.0, 1007.6462114524642]
- [0.0, 5759.113109698312, 471.42691847291104]
- [0.0, 0.0, 1.0]
dist_coeffs: [-1.4959067860623485, 4.089598507671093, -0.07768306494819054, 0.18495784797432163, 389.40885347048004]
