camera_matrix:
- [46.338163606762286, 0.0, 430.2592268166485]
- [0.0, 560.9484079459479, -300.92256888552197]
- [0.0, 0.0, 1.0]
dist_coeffs: [-0.0012548134739574666, -0.003410879806359851, 0.025924140599231815, -0.09788514127555246, 6.737133457819778e-05]
overall_rms: 69.53662873034658
