camera_matrix:
- [796.4468468195813, 0.0, 946.2401387855763]
- [0.0, 795.844601540114, 562.1578888807825]
- [0.0, 0.0, 1.0]
dist_coeffs: [-0.030145616591867153, 0.05256664096616308, 0.00038028704523787935, 0.004880971158269928, -0.03042074178889395]
overall_rms: 0.35238956060549753
